-1.0
-0.7904457865360938
-0.7200664025524833
-0.7487015569247875
-0.8574707091344718
-1.0426780018400446
-1.3125220050682436
-1.6858885469923757
-2.1926579968433084
-2.874961880958777
-3.7884651995556564
-5.001603387384851
-6.587951447486141
-8.601516125753395
-11.017743289554364
-13.626470754516236
-15.914890991295636
-17.107269352398525
-16.557874529239182
-14.277057429275619
-10.96639214921819
-7.499526118176195
-4.461782762985342
-2.0688822904762993
-0.29642532671637567
0.9829813037756989
1.9178632042627437
2.641850054514546
3.263183318378443
3.865714037081684
4.513631166753605
5.255849292501467
6.127716787199803
7.148313039450246
8.31189500771313
9.573239771759344
10.830598524808849
11.918043905527863
12.627075761106674
12.770882591518875
12.27072116480295
11.20626970382507
9.785753696867783
8.257761694312574
6.8282970573983635
5.623526833419159
4.6947433579333335
4.042619617806652
3.642459942992369
3.46271034588282
3.475915336118378
3.6639372382288595
4.019496527284618
4.545413200137389
5.251992782503458
6.151997246059938
7.251644240129646
8.535455066617278
9.943819311622514
11.34760476585559
12.536358408401293
13.249239606324416
13.266409299795965
12.523712687487265
11.162178146600699
9.463231512501423
7.723568297195861
6.160983355995031
4.88814871646289
3.9334759417118716
3.2758769766268907
2.874155097572054
2.685827569544153
2.6769173388128586
2.825873462458719
3.1242963165461286
3.576135412461354
4.196027577121244
5.006487777311062
6.032601360784385
7.29158150956825
8.773434668743846
10.409977074404548
12.037443851296741
13.378209536458296
14.089411597989017
13.904501849296496
12.795018633860472
11.007626309659853
8.932484062713458
6.923919172641957
5.20178961782901
3.8500635260022262
2.8615991067067688
2.1851276792226457
1.7576700152357085
1.5220421676309444
1.4341312805162991
1.464515287225801
1.5975914008512717
1.830057491293948
2.169657869103725
2.6344996132920544
3.2528014285471016
4.0624363586355035
5.108777592453015
6.437762756561171
8.078493539502624
10.00713351077592
12.087166995757627
14.00492219510467
15.27367028332807
15.407198596930487
14.224163945629673
12.00750037512245
9.32737240288345
6.7188494123861675
4.498928308886745
2.7693209040600264
1.4978161286553615
0.594358277447279
-0.04231083284260995
-0.5029219824296883
-0.8610428387877576
-1.1740060115568154
-1.4869107856517787
-1.8373882659471379
-2.2601056238868757
-2.790609212471169
-3.468238342669326
-4.337513312051828
-5.446476407490179
-6.838677411147965
-8.532845498093053
-10.48262196638294
-12.515501339722325
-14.280303783265273
-15.285752749600043
-15.109625056432025
-13.682366222642417
-11.365812570690366
-8.72669269411396
-6.243041420348603
-4.172992084671995
-2.5820742769081306
-1.4237506513128217
-0.6068913274948107
-0.03516025164175329
0.3754861346853651
0.6921317136590965
0.9664915068918607
1.2389302771323416
1.5429875152615056
1.9096077143594965
2.370829788343048
2.9628433687569933
3.7281200928237754
4.715668774892789
5.977054724798314
7.553306225207607
9.444595871288282
11.554657070140621
13.618300731090152
15.170761099546404
15.671688733010848
14.811039677132035
12.757048179472267
10.060663267370831
7.317592995909534
4.919961107648243
3.0198203208974697
1.6069152177724095
0.5948364007377065
-0.12270676299748295
-0.644293240379194
-1.051326038615056
-1.4079181741694233
-1.7647431591681704
-2.164003651463346
-2.6441801022850027
-3.2439396431070247
-4.004697796631967
-4.970861803416393
-6.1856222998093235
-7.678203238212583
-9.436452999422107
-11.360352385779027
-13.207296148096079
-14.578357432915613
-15.026967721494385
-14.298745170779908
-12.522820434873406
-10.147068949307888
-7.679775895219315
-5.4800771773885595
-3.708460493032484
-2.3789966026475504
-1.4298981399228285
-0.7745818765993856
-0.3292872451045799
-0.024284575855030577
0.19405884195701759
0.3654295085387884
0.5191556287092316
0.6778933197955109
0.8609141754059183
1.0869358596242904
1.3766316911853533
1.7550059136424756
2.253768680958519
2.913657391151454
3.7861873758037996
4.933239182894301
6.420568738786673
8.297001967323624
10.545583002468076
12.995181292413353
15.21885609994746
16.543862651241348
16.344864683280182
14.507700592148579
11.56286718705165
8.303336992179808
5.336579314488038
2.937746946158511
1.1327720482340589
-0.17547632702550753
-1.1208473254552598
-1.8313573950694702
-2.414130757494265
-2.954047253211095
-3.517857151688175
-4.15935369650335
-4.9231977732009575
-5.845700608932038
-6.950742319978652
-8.238606413189947
-9.666141466429275
-11.121086297599737
-12.404867521257636
-13.253194958133726
-13.420004136821772
-12.800117557743446
-11.501759686935502
-9.799626948953069
-8.007111104522636
-6.366765284456234
-5.0114922306573195
-3.9811937248044122
-3.258792071924934
-2.8024317604349944
-2.566682405180603
-2.5138223523275474
-2.6185246632244117
-2.8689183002404377
-3.2659709028411945
-3.8221184797787315
-4.559143495479111
-5.504327891905475
-6.682683148549417
-8.101637274107835
-9.724054581646403
-11.429649863516783
-12.98053094844358
-14.03397085075718
-14.251937912783378
-13.48300608205714
-11.875063155055432
-9.800941125029007
-7.665829126530163
-5.75873423844019
-4.216092154543719
-3.0583170075304653
-2.242571069364426
-1.7033731238066925
-1.3761744065047312
-1.208078121448795
-1.1609846799085115
-1.2110996510249352
-1.3472067532850378
-1.5689773778007226
-1.8858791857852328
-2.3168267710400317
-2.890424387424948
-3.645296224089408
-4.629321911568068
-5.89519370673113
-7.487113589550991
-9.409881390148323
-11.571015371763464
-13.702639157054254
-15.323270110472212
-15.862285789832995
-14.985036714339905
-12.863630965985273
-10.077467422729136
-7.250626369620422
-4.788524580031738
-2.8433978997499265
-1.3993616377235678
-0.36347282154056404
0.3761177927028957
0.9223162005557297
1.3599443996609124
1.7560526511234884
2.164120910698827
2.629227010317726
3.1927589814314943
3.8958772998883817
4.780862133977674
5.888727508003762
7.250024004557263
8.86403465891265
10.662010994702333
12.459465354019548
13.929703848207227
14.663813405262841
14.353982130190046
12.996527175623077
10.917746731618728
8.586520229609773
6.394955465388271
4.560946884917101
3.1470975011949056
2.121985398039366
1.4143352789960972
0.9465452263311382
0.6508110411522778
0.47445602056427616
0.3797550858532151
0.3415560794895997
0.3444722627657403
0.3804590328934197
0.44705900114310876
0.5463494300676199
0.6845368456059467
0.8721373345240998
1.1247095164700849
1.4641385344692595
1.9204704969891462
2.534205731661507
3.358631477717889
4.460874427688425
5.918172374358052
7.801234543069322
10.128964593388783
12.774586249791218
15.331840222183546
17.06253211321774
17.16866476094428
15.375011976089752
12.21211959745051
8.60653115533095
5.296665584625563
2.6196013529088167
0.6090731126403313
-0.847313023563135
-1.9031513278184342
-2.7034858976435006
-3.367936735072072
-3.989271403997403
-4.637553315109686
-5.364742651183399
-6.206983899221799
-7.1828136442909125
-8.286087984211074
-9.473706702424483
-10.651749902635185
-11.670275519924266
-12.343117935577794
-12.503106001008167
-12.075759612926632
-11.124329513656306
-9.828546648389917
-8.411507624883896
-7.065965348283296
-5.916908161050067
-5.021511750173789
-4.3885063873389925
-4.000548791148531
-3.831631148497264
-3.857919689534694
-4.06319171105314
-4.440538021888156
-4.991491589507808
-5.722897085628658
-6.640916332506857
-7.740787295469618
-8.990919766137363
-10.312108701374498
-11.55927588467868
-12.523905556555377
-12.979846187376543
-12.772782894149532
-11.904896726149918
-10.545952267722418
-8.957195339659197
-7.38801679132331
-6.0107369894163245
-4.909434688061837
-4.101378371031855
-3.566133562067832
-3.269133301793369
-3.176576209694642
-3.2631224539013783
-3.514866330611433
-3.9295668213864694
-4.5151939477817455
-5.28685117975041
-6.261086542156764
-7.445528604112226
-8.821156238765905
-10.316075128811404
-11.777025567583097
-12.960485305884125
-13.578745673222048
-13.414714001477563
-12.44657129568788
-10.876348945115698
-9.03009529371859
-7.215745870959589
-5.63691119740416
-4.383142296300512
-3.4621504316127094
-2.838560396753743
-2.46295506250051
-2.28889845785961
-2.280945003746106
-2.4172848520402597
-2.6897611444259057
-3.1028769538518857
-3.672453599131531
-4.42376265143202
-5.388021098541202
-6.594864252760794
-8.05678017285901
-9.740594566267578
-11.525039513154564
-13.160353059462016
-14.277791359849177
-14.507990204664342
-13.684678834603337
-11.971674807686476
-9.776802615513725
-7.535253893258719
-5.548856165055964
-3.952653664339354
-2.7591761504801973
-1.916677240827203
-1.352028460691679
-0.9946458668074998
-0.7867485185883077
-0.6858185786280382
-0.6634253070242022
-0.7028652875575443
-0.7968753951972143
-0.9459632102580632
-1.157528514399511
-1.4457833003400549
-1.832409040428536
-2.3478265785225805
-3.0327837793710386
-3.9394926763907545
-5.13038554416454
-6.670031721782888
-8.60117259564365
-10.890641746704679
-13.336120355331856
-15.47065046977855
-16.60496894044581
-16.162529197424686
-14.127275232749238
-11.09652315440711
-7.856181188455341
-4.966258866356169
-2.658427561131201
-0.9343332731165856
0.311992502464824
1.2149178223982893
1.8996527086657076
2.4698288290470516
3.0072953194253422
3.576580881927043
4.230006130314644
5.0112177361202495
5.955483245034696
7.084869616019025
8.396039061490624
9.839272422729035
11.29244850124051
12.546155001173982
13.33077715445686
13.4083441224598
12.695949629058896
11.326995973110224
9.590013140888951
7.796628335609495
6.178300693562883
4.855680252381301
3.859700917116354
3.168358752106032
2.7379670181348206
2.523131653305744
2.487086917274024
2.60579890722839
2.8687291229739467
3.278095508879861
3.847460256833182
4.5995615263644805
5.5623243888550125
6.760733900032976
8.200811907218005
9.841547089413814
11.555341367507719
13.094367859037533
14.108308151531991
14.262135124583898
13.421360011793812
11.755697540241904
9.650789290511364
7.510944232748551
5.616283294525466
4.093594401810509
2.9564460102643686
2.15831739085134
1.6323045665303777
1.313696268631602
1.1499696230941687
1.1035031310868602
1.1508609795410083
1.280967122777244
1.4933811822597036
1.7972058117403586
2.210760537509926
2.76189225063975
3.4884806496602625
4.438093911493151
5.664472024627651
7.216055879244395
9.10810636805072
11.26810934682049
13.456395184805931
15.212570702504722
15.949688511151058
15.266880635521202
13.262107388208367
10.489625667597897
7.6012046581026596
5.045750149515781
3.007184614207665
1.4845793639283116
0.388538256835919
-0.3948349755809547
-0.9724197121365517
-1.4331161574995055
-1.84743355695211
-2.271514483068732
-2.7523427300272703
-3.332520866562437
-4.053699413107406
-4.957686918830365
-6.0835135832596965
-7.457303867930792
-9.07036550635258
-10.842176481913928
-12.575820869063005
-13.9409444921628
-14.546377790775054
-14.124230375658836
-12.71023747209609
-10.64244082541789
-8.371659783620071
-6.261598299320847
-4.5083868467557044
-3.1640777256948764
-2.1951433079729052
-1.5326855494778284
-1.1032073092967944
-0.8433318126825338
-0.7046321105658089
-0.6534571818288744
-0.6688093117459176
-0.7399220212043426
-0.8643056671709427
-1.0465440843932199
-1.2978959530062255
-1.6366614939185136
-2.0892250010847455
-2.6915811186779575
-3.490850754684878
-4.545506110816574
-5.921210162813267
-7.6755427949882185
-9.819387957389106
-12.24068497757409
-14.598933193857567
-16.280468731374093
-16.595004885142924
-15.230482437346968
-12.54110358558304
-9.296233460287656
-6.192659151952748
-3.60565344862639
-1.6235703923782752
-0.1754038115131773
0.8678624786779225
1.6387376014797785
2.2514450297052884
2.79747575508118
3.3486347248183113
3.9622062316706685
4.685374787255551
5.557093892763277
6.605679113596703
7.840005477332566
9.232311097003626
10.69353016462884
12.051255978960997
13.055624450038739
13.443634279933741
13.056948575544919
11.93943316486641
10.327099429961313
8.534928019821752
6.833342423882748
5.387709518889708
4.262174393248479
3.4530253609228394
2.9232659566519192
2.627152855817946
2.5240999887028637
2.5849836445855985
2.794039038915929
3.1486069442590483
3.6579409169488515
4.34133997116599
5.224929400100561
6.3352726658686045
7.686594192326239
9.257418806205052
10.95473543892203
12.57557038540308
13.801123394153766
14.276598746838406
13.782134084051728
12.38101263843245
10.399364851858884
8.251067263912773
6.2648704006419695
4.617781620563216
3.3573975161898018
2.454075723607062
1.8459700402300285
1.4670613319228376
1.2609057321779809
1.1854503020503875
1.2132835834764768
1.330113615611102
1.5330122832380466
1.8291492430541072
2.2352510602951803
2.7777018954813326
3.4928686302500704
4.426642862255322
5.630976978621817
7.152876643294005
9.007867539141563
11.12817426510719
13.286971669907588
15.04488000662354
15.832672242422184
15.243751318320214
13.34336818152532
10.651099191686672
7.805462758697301
5.262203612135561
3.218840971924537
1.6859261785055086
0.5812388496021461
-0.20536319262936586
-0.779006475401835
-1.227735243649333
-1.621413418691847
-2.01538940297148
-2.455586254555196
-2.9833865295539344
-3.639478733377884
-4.465923622161773
-5.505128605063474
-6.793129267385441
-8.342752344474155
-10.111446516336649
-11.954159124616359
-13.583302637231851
-14.594582826395008
-14.61839441990626
-13.542691278090587
-11.610835698933924
-9.28246302381062
-6.995827044839292
-5.025454407802592
-3.4742836859967587
-2.330963588641152
-1.5299227217741822
-0.9915640907090656
-0.6429677424176807
-0.42571127591105606
-0.29677161669068713
-0.2264160398325929
-0.19525636977139488
-0.19150457649940464
-0.20881987226244142
-0.24481375322805907
-0.30014782098807735
-0.37812988706446204
-0.48473273184210125
-0.628997756152507
-0.8238282724892503
-1.0872163184100563
-1.44397221705144
-1.9280110248775675
-2.5851220032362177
-3.4757195595255532
-4.675897944708458
-6.272225898965194
-8.339561450612035
-10.881416907178835
-13.709751832261974
-16.290377761733147
-17.740361832888613
-17.260353198719073
-14.803206016715054
-11.16746338334616
-7.36668527494367
-4.063344889470876
-1.4840542861937203
0.41387981912244376
1.7802068420422728
2.7810018740909443
3.561369785864077
4.23570973461592
4.889362900012359
5.583286225342159
6.35761556537777
7.232026209448114
8.201964798362187
9.23121079032894
10.243851125416022
11.122863142540954
11.725603573052295
11.922194303232398
11.646483866843575
10.930979943458201
9.899931213319801
8.723758901700904
7.56461660768139
6.541191305450613
5.720215379998697
5.126032301677341
4.756406991668295
4.596924271091605
4.631063527034481
4.845814283001303
5.233645558362153
5.791547139855069
6.517333487265928
7.402843413034373
8.423517003765483
9.524837048570179
10.609333587403091
11.533419308793734
12.127421391602216
12.245306294911277
11.827116103804437
10.934432716510264
9.729801961724654
8.413626125045656
7.160771973417669
6.087389825975632
5.249579000058872
4.6594362213466525
4.304530470161695
4.163553020246522
4.216326422022303
4.44890937689083
4.855091972983283
5.4351780181266225
6.192206000656739
7.124985582550678
8.216879259215244
9.419934436613712
10.637240320426017
11.713406646177141
12.450703971372503
12.664460347138299
12.263033079653377
11.301719289211903
9.965188037972588
8.489798835208049
7.082058814737298
5.876149490267638
4.933033299836741
4.261319851150162
3.8415224619923474
3.644857693482932
3.644882339386423
3.823333103250502
4.1720720958263495
4.69250205438809
5.392932215315399
6.283405201193286
7.3665681993389045
8.622709992842545
9.98838334439529
11.333574456616795
12.453734714699902
13.10307013494185
13.08197968595752
12.340704035371488
11.019369572237029
9.38483530387936
7.71576058824873
6.2171190573540835
4.996290329224361
4.081978098633656
3.45618357340562
3.0816086028129623
2.919470935424023
2.9389431693006385
3.1210305089484542
3.45931219906035
3.959027134249292
4.634986991887462
5.507793955848851
6.596722458296366
7.906458571282165
9.40453138759409
10.98947466222367
12.461406021877236
13.527399006157685
13.88208173520859
13.355192462200014
12.024930793320957
10.187911937547785
8.209161949813602
6.379152315804453
4.858074256980676
3.6933997675316323
2.863610106771241
2.3172891556192643
1.9983704482243507
1.8591449059273064
1.8653338670594768
1.9969686864526743
2.2475481844621616
2.6228294957675895
3.1397815721388653
3.825569268350463
4.715706208469921
5.849410265952104
7.258437570217913
8.943544644077656
10.83282727981996
12.72653698790075
14.2650694257507
14.99748031867844
14.593834351192822
13.073347395988383
10.816706184921998
8.33947129360891
6.050863196180957
4.162204487985532
2.720445354585433
1.678960537925115
0.9549271491362811
0.4626974235163813
0.12868244723849454
-0.10464219883074222
-0.28003972339832883
-0.42883645401115467
-0.5746033357269384
-0.7365128778106992
-0.9322196695171657
-1.1803626955677373
-1.5028767677736508
-1.9272907359001106
-2.489084689784871
-3.233899142447794
-4.21871757917459
-5.509611805458386
-7.170464113444937
-9.23173334885574
-11.62387980467695
-14.072882365304064
-16.021375411080076
-16.748304615723345
-15.790908250009347
-13.340130632592334
-10.121380147118654
-6.899433228386867
-4.140133187822904
-1.9918025587645807
-0.4093405349907484
0.73116655159741
1.5664065265570724
2.217478338664963
2.782383453290481
3.3379448817112287
3.94479157005993
4.652036651031048
5.499642459405231
6.5167545240708
7.714019312958508
9.067997191381407
10.498270574316704
11.845879071643862
12.87559450459317
13.331163197263113
13.043963339609705
12.032137453845845
10.50485428161208
8.763173688476614
7.078879589454116
5.627290090542299
4.483771869929128
3.653281046100398
3.104167597809226
2.7933668875637427
2.681259437020717
2.738761326967152
2.949721982207637
3.310907794959832
3.8308219224127518
4.527637435033499
5.425539009221207
6.547613553376282
7.902122734938156
9.458412035139755
11.11193550668362
12.650721468297924
13.759577534764121
14.108906612018655
13.51932997763189
12.085341692430822
10.135092532238488
8.060157033021994
6.161908710077184
4.598345119387312
3.4088099279418884
2.5629756590778405
2.0021632688695012
1.6649103585800151
1.4995104100266254
1.4684382981095632
1.5486522260289326
1.730323588033707
2.01538976234285
2.416545823741884
2.956768288896326
3.669005026418132
4.595017073711016
5.781174432790692
7.266913157579827
9.058739703382106
11.082054109232317
13.11479616762334
14.74709566387838
15.464632520847136
14.908603007957492
13.140700503240158
10.627036934321978
7.948760858608457
5.533186261236235
3.576823102321712
2.101900810822154
1.039922448945715
0.29232164407113104
-0.23717608536961732
-0.6297510093560932
-0.9494142825115985
-1.2458318203066105
-1.558828413638015
-1.9230345382350797
-2.3720601892074606
-2.9419596183103245
-3.673701250886516
-4.613842241507091
-5.81141781587305
-7.306899488863689
-9.106213765175253
-11.132315935668721
-13.15903834330413
-14.772804556972005
-15.460422196011526
-14.871883114692015
-13.080696157170069
-10.559096096453564
-7.886023210429505
-5.482665870920947
-3.540153296505146