-1.0
-0.7904457865360938
-0.7200664025524833
-0.7487015569247875
-0.8574707091344718
-1.0426780018400446
-1.3125220050682436
-1.6858885469923757
-2.1926579968433084
-2.874961880958777
-3.7884651995556564
-5.001603387384851
-6.587951447486141
-8.601516125753395
-11.017743289554364
-13.626470754516236
-15.914890991295636
-17.107269352398525
-16.557874529239182
-14.277057429275619
-10.96639214921819
-7.499526118176195
-4.461782762985342
-2.0688822904762993
-0.29642532671637567
0.9829813037756989
1.9178632042627437
2.641850054514546
3.263183318378443
3.865714037081684
4.513631166753605
5.255849292501467
6.127716787199803
7.148313039450246
8.31189500771313
9.573239771759344
10.830598524808849
11.918043905527863
12.627075761106674
12.770882591518875
12.27072116480295
11.20626970382507
9.785753696867783
8.257761694312574
6.8282970573983635
5.623526833419159
4.6947433579333335
4.042619617806652
3.642459942992369
3.46271034588282
3.475915336118378
3.6639372382288595
4.019496527284618
4.545413200137389
5.251992782503458
6.151997246059938
7.251644240129646
8.535455066617278
9.943819311622514
11.34760476585559
12.536358408401293
13.249239606324416
13.266409299795965
12.523712687487265
11.162178146600699
9.463231512501423
7.723568297195861
6.160983355995031
4.88814871646289
3.9334759417118716
3.2758769766268907
2.874155097572054
2.685827569544153
2.6769173388128586
2.825873462458719
3.1242963165461286
3.576135412461354
4.196027577121244
5.006487777311062
6.032601360784385
7.29158150956825
8.773434668743846
10.409977074404548
12.037443851296741
13.378209536458296
14.089411597989017
13.904501849296496
12.795018633860472
11.007626309659853
8.932484062713458
6.923919172641957
5.20178961782901
3.8500635260022262
2.8615991067067688
2.1851276792226457
1.7576700152357085
1.5220421676309444
1.4341312805162991
1.464515287225801
1.5975914008512717
1.830057491293948
2.169657869103725
2.6344996132920544
3.2528014285471016
4.0624363586355035
5.108777592453015
6.437762756561171
8.078493539502624
10.00713351077592
12.087166995757627
14.00492219510467
15.27367028332807
15.407198596930487
14.224163945629673
12.00750037512245
9.32737240288345
6.7188494123861675
4.498928308886745
2.7693209040600264
1.4978161286553615
0.594358277447279
-0.04231083284260995
-0.5029219824296883
-0.8610428387877576
-1.1740060115568154
-1.4869107856517787
-1.8373882659471379
-2.2601056238868757
-2.790609212471169
-3.468238342669326
-4.337513312051828
-5.446476407490179
-6.838677411147965
-8.532845498093053
-10.48262196638294
-12.515501339722325
-14.280303783265273
-15.285752749600043
-15.109625056432025
-13.682366222642417
-11.365812570690366
-8.72669269411396
-6.243041420348603
-4.172992084671995
-2.5820742769081306
-1.4237506513128217
-0.6068913274948107
-0.03516025164175329
0.3754861346853651
0.6921317136590965
0.9664915068918607
1.2389302771323416
1.5429875152615056
1.9096077143594965
2.370829788343048
2.9628433687569933
3.7281200928237754
4.715668774892789
5.977054724798314
7.553306225207607
9.444595871288282
11.554657070140621
13.618300731090152
15.170761099546404
15.671688733010848
14.811039677132035
12.757048179472267
10.060663267370831
7.317592995909534
4.919961107648243
3.0198203208974697
1.6069152177724095
0.5948364007377065
-0.12270676299748295
-0.644293240379194
-1.051326038615056
-1.4079181741694233
-1.7647431591681704
-2.164003651463346
-2.6441801022850027
-3.2439396431070247
-4.004697796631967
-4.970861803416393
-6.1856222998093235
-7.678203238212583
-9.436452999422107
-11.360352385779027
-13.207296148096079
-14.578357432915613
-15.026967721494385
-14.298745170779908
-12.522820434873406
-10.147068949307888
-7.679775895219315
-5.4800771773885595
-3.708460493032484
-2.3789966026475504
-1.4298981399228285
-0.7745818765993856
-0.3292872451045799
-0.024284575855030577
0.19405884195701759
0.3654295085387884
0.5191556287092316
0.6778933197955109
0.8609141754059183
1.0869358596242904
1.3766316911853533
1.7550059136424756
2.253768680958519
2.913657391151454
3.7861873758037996
4.933239182894301
6.420568738786673
8.297001967323624
10.545583002468076
12.995181292413353
15.21885609994746
16.543862651241348
16.344864683280182
14.507700592148579
11.56286718705165
8.303336992179808
5.336579314488038
2.937746946158511
1.1327720482340589
-0.17547632702550753
-1.1208473254552598
-1.8313573950694702
-2.414130757494265
-2.954047253211095
-3.517857151688175
-4.15935369650335
-4.9231977732009575
-5.845700608932038
-6.950742319978652
-8.238606413189947
-9.666141466429275
-11.121086297599737
-12.404867521257636
-13.253194958133726
-13.420004136821772
-12.800117557743446
-11.501759686935502
-9.799626948953069
-8.007111104522636
-6.366765284456234
-5.0114922306573195
-3.9811937248044122
-3.258792071924934
-2.8024317604349944
-2.566682405180603
-2.5138223523275474
-2.6185246632244117
-2.8689183002404377
-3.2659709028411945
-3.8221184797787315
-4.559143495479111
-5.504327891905475
-6.682683148549417
-8.101637274107835
-9.724054581646403
-11.429649863516783
-12.98053094844358
-14.03397085075718
-14.251937912783378
-13.48300608205714
-11.875063155055432
-9.800941125029007
-7.665829126530163
-5.75873423844019
-4.216092154543719
-3.0583170075304653
-2.242571069364426
-1.7033731238066925
-1.3761744065047312
-1.208078121448795
-1.1609846799085115
-1.2110996510249352
-1.3472067532850378
-1.5689773778007226
-1.8858791857852328
-2.3168267710400317
-2.890424387424948
-3.645296224089408
-4.629321911568068
-5.89519370673113
-7.487113589550991
-9.409881390148323
-11.571015371763464
-13.702639157054254
-15.323270110472212
-15.862285789832995
-14.985036714339905
-12.863630965985273
-10.077467422729136
-7.250626369620422
-4.788524580031738
-2.8433978997499265
-1.3993616377235678
-0.36347282154056404
0.3761177927028957
0.9223162005557297
1.3599443996609124
1.7560526511234884
2.164120910698827
2.629227010317726
3.1927589814314943
3.8958772998883817
4.780862133977674
5.888727508003762
7.250024004557263
8.86403465891265
10.662010994702333
12.459465354019548
13.929703848207227
14.663813405262841
14.353982130190046
12.996527175623077
10.917746731618728
8.586520229609773
6.394955465388271
4.560946884917101
3.1470975011949056
2.121985398039366
1.4143352789960972
0.9465452263311382
0.6508110411522778
0.47445602056427616
0.3797550858532151
0.3415560794895997
0.3444722627657403
0.3804590328934197
0.44705900114310876
0.5463494300676199
0.6845368456059467
0.8721373345240998
1.1247095164700849
1.4641385344692595
1.9204704969891462
2.534205731661507
3.358631477717889
4.460874427688425
5.918172374358052
7.801234543069322
10.128964593388783
12.774586249791218
15.331840222183546
17.06253211321774
17.16866476094428
15.375011976089752
12.21211959745051
8.60653115533095
5.296665584625563
2.6196013529088167
0.6090731126403313
-0.847313023563135
-1.9031513278184342
-2.7034858976435006
-3.367936735072072
-3.989271403997403
-4.637553315109686
-5.364742651183399
-6.206983899221799
-7.1828136442909125
-8.286087984211074
-9.473706702424483
-10.651749902635185
-11.670275519924266
-12.343117935577794
-12.503106001008167
-12.075759612926632
-11.124329513656306
-9.828546648389917
-8.411507624883896
-7.065965348283296
-5.916908161050067
-5.021511750173789
-4.3885063873389925
-4.000548791148531
-3.831631148497264
-3.857919689534694
-4.06319171105314
-4.440538021888156
-4.991491589507808
-5.722897085628658
-6.640916332506857
-7.740787295469618
-8.990919766137363
-10.312108701374498
-11.55927588467868
-12.523905556555377
-12.979846187376543
-12.772782894149532
-11.904896726149918
-10.545952267722418
-8.957195339659197
-7.38801679132331
-6.0107369894163245
-4.909434688061837