-1.0
-0.7904457865360938
-0.7200664025524833
-0.7487015569247875
-0.8574707091344718
-1.0426780018400446
-1.3125220050682436
-1.6858885469923757
-2.1926579968433084
-2.874961880958777
-3.7884651995556564
-5.001603387384851
-6.587951447486141
-8.601516125753395
-11.017743289554364
-13.626470754516236
-15.914890991295636
-17.107269352398525
-16.557874529239182
-14.277057429275619
-10.96639214921819
-7.499526118176195
-4.461782762985342
-2.0688822904762993
-0.29642532671637567
0.9829813037756989
1.9178632042627437
2.641850054514546
3.263183318378443
3.865714037081684
4.513631166753605
5.255849292501467
6.127716787199803
7.148313039450246
8.31189500771313
9.573239771759344
10.830598524808849
11.918043905527863
12.627075761106674
12.770882591518875